标识 7字头的 对应战车

7002     70050
7022        70250
6字头 对应 马凯
       60450
6032   60750 
6042   60951

魂魄石 ID 748 
对应 3147  3148 3149  15150  41500


马凯 上的装备 
3047  3048 3049  15050 40500

护心镜
3572  73 74    25576   55751

轩辕剑
3297        25301     53001

轩辕利刃
3197         25201      52001

乾坤指挥之影 3872   3875

梦魇 
3872 25876 58751 
3097 25101   51001

史诗
3872  25875   58750
3097  25100   51000
3047 25050     50500
乾坤
3872 15875  48750
3047   15050   40500
至尊
3872   3875  38750
以下都是 38000以下的 3字头

刺客
8055  8058